precision = 332 / 1000 , 0.332000
recall    = 332 / 9468 , 0.035065
f-measure = 0.063431
precision = 456 / 1000 , 0.456000
recall    = 456 / 12144 , 0.037549
f-measure = 0.069385
precision = 428 / 1000 , 0.428000
recall    = 428 / 8183 , 0.052304
f-measure = 0.093216
