precision = 268 / 1000 , 0.268000
recall    = 268 / 7367 , 0.036378
f-measure = 0.064061
precision = 366 / 1000 , 0.366000
recall    = 366 / 9109 , 0.040180
f-measure = 0.072411
precision = 330 / 1000 , 0.330000
recall    = 330 / 5847 , 0.056439
f-measure = 0.096393
