precision = 268 / 1000 , 0.268000
recall    = 268 / 7367 , 0.036378
f-measure = 0.064061
precision = 365 / 1000 , 0.365000
recall    = 365 / 9109 , 0.040070
f-measure = 0.072213
precision = 329 / 1000 , 0.329000
recall    = 329 / 5847 , 0.056268
f-measure = 0.096100
