precision = 274 / 1000 , 0.274000
recall    = 274 / 7367 , 0.037193
f-measure = 0.065495
precision = 365 / 1000 , 0.365000
recall    = 365 / 9109 , 0.040070
f-measure = 0.072213
precision = 327 / 1000 , 0.327000
recall    = 327 / 5847 , 0.055926
f-measure = 0.095516
