precision = 0.345000
recall    = 0.104636
f-measure = 0.134241
precision = 0.460000
recall    = 0.103730
f-measure = 0.136310
precision = 0.454000
recall    = 0.101638
f-measure = 0.153582
