precision = 333 / 1000 , 0.333000
recall    = 333 / 9468 , 0.035171
f-measure = 0.063622
precision = 463 / 1000 , 0.463000
recall    = 463 / 12144 , 0.038126
f-measure = 0.070450
precision = 429 / 1000 , 0.429000
recall    = 429 / 8183 , 0.052426
f-measure = 0.093434
