precision = 102 / 1000 , 0.102000
recall    = 102 / 9468 , 0.010773
f-measure = 0.019488
precision = 115 / 1000 , 0.115000
recall    = 115 / 12144 , 0.009470
f-measure = 0.017498
precision = 166 / 1000 , 0.166000
recall    = 166 / 8183 , 0.020286
f-measure = 0.036154
