precision = 117 / 1000 , 0.117000
recall    = 117 / 9468 , 0.012357
f-measure = 0.022354
precision = 150 / 1000 , 0.150000
recall    = 150 / 12144 , 0.012352
f-measure = 0.022824
precision = 147 / 1000 , 0.147000
recall    = 147 / 8183 , 0.017964
f-measure = 0.032016
