precision = 117 / 1000 , 0.117000
recall    = 117 / 9468 , 0.012357
f-measure = 0.022354
precision = 150 / 1000 , 0.150000
recall    = 150 / 12144 , 0.012352
f-measure = 0.022824
precision = 102 / 1000 , 0.102000
recall    = 102 / 8183 , 0.012465
f-measure = 0.022215
