precision = 37 / 1000 , 0.037000
recall    = 37 / 7367 , 0.005022
f-measure = 0.008844
precision = 57 / 1000 , 0.057000
recall    = 57 / 9109 , 0.006258
f-measure = 0.011277
precision = 46 / 1000 , 0.046000
recall    = 46 / 5847 , 0.007867
f-measure = 0.013437
