precision = 147 / 1000 , 0.147000
recall    = 147 / 7367 , 0.019954
f-measure = 0.035138
precision = 202 / 1000 , 0.202000
recall    = 202 / 9109 , 0.022176
f-measure = 0.039964
precision = 172 / 1000 , 0.172000
recall    = 172 / 5847 , 0.029417
f-measure = 0.050241
